-586
75
-410
729
-941
-384
765
535
527
837
-955
-874
-364
32
396
280
-64
-964
-578
-363
315
-307
-644
-19
208
-714
-156
-82
646
-851
939
340
-887
198
-695
-222
-225
-226
-473
-964
733
256
-954
-186
-117
-643
-417
-789
-355
598
-395
648
-376
-836
611
-544
-840
-433
-80
383
286
100
-221
632
-844
-680
916
-993
103
303
636
-622
-203
-331
717
409
269
-21
859
872
-472
297
455
-526
856
-983
735
97
695
921
554
-844
-882
353
-620
592
660
524
-840
-199
-519
-630
-966
21
783
-853
-335
772
271
491
896
127
-487
-902
-159
-131
735
-239
370
-821
-555
83
-574
-810
-756
-526
-250
-775
-761
613
814
32
-674
688
685
70
-715
-13
349
832
328
-812
-446
-472
-838
-36
-211
721
-246
2
-567
-450
733
-120
12
-352
617
-428
676
-419
649
488
-402
-566
-15
-694
-223
-409
-319
831
722
651
615
466
122
-719
418
872
-602
782
-50
125
-399
637
232
858
786
-596
451
709
19
971
406
-231
-701
393
-359
-328
-363
-320
232
505
518
73
298
-171
-963
626
680
-741
472
-437
-344
975
665
315
-438
517
-162
-770
599
-80
-418
-893
-108
-74
-846
-33
708
770
683
-35
135
640
846
866
-450
179
-719
671
568
-130
951
-158
-526
-771
979
-168
-658
-377
251
323
-298
-930
761
-5
624
637
-765
814
-211
332
388
-44
156
-793
-734
-130
-902
808
-725
73
-967
-413
-140
248
374
-140
-760
347
942
6
349
-648
500
449
128
35
972
401
354
175
-345
333
85
793
541
877
-674
-32
-452
-511
429
-397
84
-70
-159
-475
-271
925
13
386
974
128
676
292
-507
17
237
-169
-466
324
-379
-144
937
-457
814
46
-820
670
207
646
-989
752
114
-161
390
732
688
356
795
908
255
752
-86
734
282
-933
-688
-638
-366
-623
-934
-861
143
-386
-736
170
358
406
-706
-231
-285
72
-576
58
-654
-24
928
-245
-663
234
114
445
-69
190
157
-141
218
-904
262
-803
675
-361
519
599
791
391
-63
-592
-877
416
842
339
209
674
-789
-711
-542
519
-204
311
973
-46
-470
-719
-803
-951
759
-835
-983
-918
-47
-949
-72
3
619
-367
35
409
474
-796
765
-760
-850
285
228
682
-60
8
359
-72
429
-7
316
941
-808
501
116
-537
-120
262
-235
336
-867
-962
135
916
-610
-207
170
-15
886
231
-49
998
-313
169
524
840
699
938
245
-467
-712
432
-67
-272
42
123
442
509
-184
371
-98
235
-812
628
-498
945
-828
-587
487
678
712
18
35
-678
-359
-923
-391
-465
85
441
833
-615
-402
-395
-253
-429
-413
938
-802
-390
-333
162
799
-339
102
153
180
-255
-30
-847
-538
-239
-360
252
-414
-94
-136
824
-176
-43
963
-343
-425
138
-909
-378
280
-728
-668
-880
-319
-534
-616
-166
425
562
-420
-202
-438
-462
-856
-218
703
-200
934
932
666
188
623
733
-192
791
719
-207
-304
-54
-400
424
480
-293
77
750
851
-526
-492
749
-238
-845
210
628
-817
-732
436
-304
553
359
758
-560
-320
-887
121
82
17
-63
-271
-632
-136
945
687
-779
-186
45
-35
-232
60
41
271
-966
-803
632
969
948
-241
-636
-995
-28
186
821
-706
-299
-2
715
-341
-768
507
765
-407
-691
-748
666
-835
962
-569
-118
160
551
901
215
-332
-328
357
-463
281
226
823
177
874
-342
215
131
-371
-110
890
-33
-193
483
-118
378
691
500
-948
653
-730
137
-706
482
168
-841
643
-549
-674
-872
279
743
-75
334
-132
299
-240
-541
270
214
54
-643
-536
800
-803
-878
589
417
-237
32
-677
954
79
-582
-909
-685
964
-163
4
-543
-263
-622
-490
57
-699
650
-948
701
-568
-95
657
505
17
311
-281
-10
-783
909
-270
691
336
-914
-596
154
224
-642
589
-883
-741
634
-56
351
-791
600
-469
584
342
773
-583
641
487
713
696
-484
-457
-83
267
321
444
-442
596
-876
-257
-104
24
-700
-43
-882
258
737
-68
-327
930
737
-976
-113
757
-705
276
998
212
653
-239
-926
866
454
344
354
905
-549
657
-969
-399
607
125
-629
306
-266
524
565
848
-37
-420
-97
-287
322
159
492
-576
-363
-38
349
-301
663
-987
-885
202
-62
330
537
-490
-927
-511
534
-93
-984
995
587
-241
-269
232
858
678
-361
-541
-454
-836
-272
103
279
968
-930
45
-551
897
-149
2
542
769
-46
-803
902
968
0
-937
253
672
-972
-529
693
-673
129
118
183
-547
917
249
-111
715
-898
876
590
-231
876
830
-659
-470
-388
-439
44
316
-560
958
454
277
98
485
-317
571
453
-838
-875
-733
-940
-43
-597
-769
562
-450
14
533
953
895
773
808
-257
-140
-918
-411
-381
19
-794
-21
858
-192
813
678
-799
-363
165
-343
-85
534
819
708
684
18
192
-534
2
-232
-62
288
566
-461
575
-977
774
-90
176
-897
-979
-734
860
-886
155
-327
-126
-77
787
733
194
441
646
26
616
-12
615
317
776
535
979
417
732
-793
-860
759
-696
-445
831
386
369
673
-146
28
-523
962
375
736
-730
-432
-370
672
100
-677
657
-107
441
273
-971
711
-984
248
-351
728
690
-231
-575
-663
39
-403
-812
752
-533
-382
-317
715
-313
-346
-442
367
887
-634
534
